epoch(GPS):2025   1            300 GPS 
epoch(BDT):2025   1            286 BDT 
****************************************************************************
BDS Broadcast Ephemeris Data: 
Toc: 2025 1 1 0 0 0
af0: -0.000359145459
af1: 0.000000000004
af2: 0.000000000000
IODE/AODE: 1.000000000000
Crs:  -11.796875000000
Delta_n: 0.000000000079
M0: -0.703704655849
Cuc: -0.000000167172
ecc: 0.000473860418
Cus: 0.000028508250
sqrt_A: 6493.548765180000
Toe: 259200.000000000000
Cic: 0.000000062864
OMEGA_0: -0.282059483255
Cis: -0.000000189524
i0: 0.058372028869
Crc: -872.546875000000
omega: -0.185836503899
OMEGA_DOT: 0.000000000966
IDOT: -0.000000000960
Codes_On_L2_Channel: 0.000000000000
BDTWeek: 991.000000000000
L2P_data_flag: 0.000000000000
URA: 2.000000000000
SV_health: 0.000000000000
TGD1: -0.000000005200
TGD2: -0.000000009700
HOWtime: 259200
fitInterval: 0.000000000000
spare1: 0.000000000000
spare2: 0.000000000000
ctToc: 0060676 0.000000000000000 BDT
ctToe: 0060676 0.000000000000000 BDT
elaptc:286.000000000000
af0:-0.000359145459af1:0.000000000004af2:0.000000000000
dtc:-0.000359144422
A:42166175.565770708025
n0:0.000072915955
tk:286.000000000000
n:0.000072916034
Mk:-0.682850670116
Ek:-0.683149789335
vk:-0.683448963546
Phi_k:-0.869285467445
duk:-0.000028080044
drk:157.336631174877
dik:0.000000176365
uk:-0.869313547490
rk:42150835.964426577091
ik:0.058371930561
xk:27202087.124327577651
yk:-32198438.294123657048
E_dot:0.000072942842
v_dot:0.000072969652
Phi_dot:0.000072969652
r_dot:-1.045270574222
u_dot:0.000072968933
x_dot:2348.811116359435
y_dot:1985.705737348747
i_dot:-0.000000000947
OMEGA_k:-0.282059206845
Xk:17180519.447531390935
Yk:-38444691.055375859141
Zk:-1878417.863441531081
Xgk:16374696.781422875822
Ygk:-38812029.535041287541
Zgk:1479405.687274255557
惯性系下速度为:
(2807.781175205067, 1250.251642548028, 115.874097311740)
地固系下速度为:
(3.136808519785, 2.705088351807, 6.466550860369)
nav:x: 16374696.7814228758 -38812029.5350412875   1479405.6872742556
v:3.1368085198 2.7050883518 6.4665508604
clk bias:-0.0003591444
clk drift:0.0000000000
relcorr:0.0000000009

sp3:x:-34271591.4270000011  24537965.3640000001    198202.6810000000
v:   0.2855857618   -0.5437465832 -105.5918463175
clk bias:-0.0003591737
clk drift:0.0000000000
relcorr:0.0000000010

2025   1            300 GPS  
 sat:C01 
 nav:
x: 16374696.7814228758 -38812029.5350412875   1479405.6872742556
v:3.1368085198 2.7050883518 6.4665508604
clk bias:-0.0003591444
clk drift:0.0000000000
relcorr:0.0000000009
 
 sp3:
x:-34271591.4270000011  24537965.3640000001    198202.6810000000
v:   0.2855857618   -0.5437465832 -105.5918463175
clk bias:-0.0003591737
clk drift:0.0000000000
relcorr:0.0000000010
 
 diffXYZ:
 50646288.2084228769
-63349994.8990412876
  1281203.0062742555 
 diffVel:
  2.8512227579
  3.2488349351
112.0583971778 
 diffClockBias:
0.0000000293 
 diffRelCorr:
-0.0000000001 

